A= [1 5 0 2;5 4 6 6; 3 3 0 5;9 2 8 7]
B= ones(1,4)
C=pascal(6)
D=eye(4,4)
E=zeroes(3,3)